1 657
2 211
2 385
2 457
2 582
2 1471
2 1889
3 17
3 499
3 1087
3 1363
3 1401
3 1904
3 1918
4 414
4 561
5 279
5 282
5 429
5 474
5 645
5 714
5 1528
6 1401
6 1655
6 1758
6 2009
7 14
7 386
7 466
7 502
7 503
7 558
7 586
7 657
7 683
7 684
8 364
8 691
9 862
10 131
10 146
10 232
10 358
10 507
10 522
11 119
11 1148
11 1457
11 1465
11 1481
11 1517
11 1524
11 1677
11 1995
11 2107
12 35
13 536
14 502
15 117
15 1979
16 1291
17 499
17 1072
17 1081
17 1087
17 1363
17 1904
17 1918
18 635
19 627
19 865
20 386
20 617
21 958
21 1400
21 1658
22 839
23 388
23 650
23 1086
24 147
24 338
24 569
25 323
25 589
25 858
25 953
25 1079
26 243
26 857
27 211
27 385
27 457
27 582
27 1471
27 1889
28 70
28 321
28 627
28 735
28 916
28 1175
28 1505
28 1540
28 1549
28 1568
28 1723
28 1912
29 1330
30 117
30 464
30 537
30 542
30 585
30 599
30 674
30 685
30 715
30 862
30 2108
31 2006
32 142
32 144
32 635
32 678
32 965
32 1034
32 1363
32 1422
32 1473
32 1655
32 1937
32 2015
33 131
33 146
33 232
33 358
33 507
33 522
34 657
35 624
36 40
36 119
36 1148
36 1457
36 1465
36 1481
36 1517
36 1524
36 1626
36 1677
36 1995
36 2107
37 522
38 582
39 280
39 673
40 119
40 1481
41 1271
41 1706
42 1708
43 906
43 1403
44 981
45 51
45 57
46 1677
47 60
47 61
47 981
47 1117
47 1598
48 176
48 289
48 1690
48 1736
48 1796
49 84
49 2059
50 99
51 1586
51 1721
52 1044
52 1601
53 905
54 1240
54 1256
54 1705
54 1844
55 871
55 1368
56 1729
58 116
58 1698
58 1783
58 1930
59 511
59 1698
59 1930
60 984
60 1533
60 1893
61 205
61 983
61 1024
61 1045
61 1166
61 1425
61 1816
61 2095
62 197
62 1522
63 1802
63 1929
64 1708
65 879
65 1493
65 1903
66 890
66 1069
67 1181
68 333
68 784
68 1732
69 79
69 186
69 1813
70 83
70 774
70 1017
70 1568
71 1017
71 1568
72 806
73 770
73 775
73 777
73 778
73 789
73 1189
73 1316
74 82
74 320
74 321
74 673
74 1568
75 182
75 743
75 2058
76 320
76 1913
77 1254
78 253
78 1253
79 186
79 1647
80 788
81 381
81 1758
83 315
83 1568
84 1176
84 1180
85 552
86 245
86 308
86 434
86 465
86 469
86 955
87 378
87 840
87 869
87 1465
87 1755
87 1756
87 1757
87 1829
87 2006
87 2038
88 1091
89 1297
89 1403
89 1655
90 552
91 367
91 596
91 668
91 756
91 933
91 1438
92 582
92 600
93 1033
94 541
94 658
94 859
94 1219
94 1486
95 241
95 282
95 462
95 577
95 587
96 1464
97 261
97 748
97 1158
97 1382
97 1675
97 2101
98 252
98 1044
98 1618
99 879
100 1490
101 1772
102 1587
102 1894
103 725
103 982
104 1073
104 1578
105 219
105 875
105 1149
105 1197
105 1680
105 1691
105 2050
106 292
107 152
107 173
107 1388
107 1585
107 1928
107 1974
107 2048
108 368
108 371
108 733
108 746
109 294
109 1603
110 1596
110 1808
110 1969
111 1153
112 1921
113 1401
113 1887
114 1854
115 191
115 1926
115 2100
116 888
116 1059
116 1930
117 245
117 308
117 417
117 501
117 540
117 559
117 599
117 693
117 1033
118 359
119 315
119 1645
120 359
121 185
121 1217
121 1333
121 1742
122 126
122 1269
122 1402
122 1403
122 1962
123 1036
124 970
124 1933
125 703
126 127
126 479
126 491
126 517
126 518
126 626
126 627
126 634
126 654
126 916
126 1259
126 1294
126 1297
126 1718
127 479
128 142
128 144
128 239
128 307
128 312
128 678
128 813
128 865
128 920
128 956
128 962
128 965
128 1014
128 1077
128 1089
128 1099
128 1328
128 1363
128 1377
128 1416
128 1422
128 1473
128 1529
128 1565
128 1649
128 1654
128 1907
128 1934
128 1937
128 1977
128 1993
128 2015
128 2056
128 2089
129 1885
129 2088
130 507
131 358
131 507
131 608
132 238
132 323
132 509
132 510
132 866
133 238
133 511
133 577
134 657
135 1333
135 1339
135 1904
135 1961
136 1829
137 193
137 194
137 247
137 744
137 758
137 1214
137 1217
137 1218
137 1221
137 1422
137 1482
137 1563
137 1642
137 1664
137 1727
137 1733
137 1742
137 1773
137 2002
137 2015
137 2023
138 507
139 1298
139 1329
140 207
140 1820
141 611
141 1936
142 144
142 635
142 956
142 1365
142 1416
142 1758
142 1904
142 1953
143 412
143 522
143 624
144 635
144 678
144 956
144 1363
144 1416
144 1904
144 1953
145 474
145 664
145 773
147 382
147 1289
148 582
148 711
148 713
148 1972
149 166
149 291
149 824
149 976
149 1163
149 1302
150 295
150 1039
150 1042
150 1168
150 1354
150 1498
150 1514
150 1596
150 1697
151 178
152 1928
153 1750
154 175
154 989
154 1388
154 1390
154 1391
154 1441
154 1501
154 1766
154 1768
154 1974
155 731
155 906
155 1403
155 1940
156 1318
157 1579
157 1778
158 326
158 1016
159 758
159 877
160 1111
160 1229
161 1492
161 1929
162 1041
162 1119
162 1778
162 1947
163 221
163 734
163 759
163 1777
163 1846
163 1920
163 2029
164 842
164 848
164 1086
164 1145
164 1606
165 218
165 717
165 1122
165 1134
165 1393
165 1621
166 169
166 291
166 1551
167 2067
167 2070
168 1281
168 2082
169 291
169 824
169 976
169 1163
169 1302
170 179
171 977
172 374
172 375
172 376
172 991
172 1164
172 2097
173 1928
174 1271
175 1778
176 289
176 1169
177 329
177 331
177 1575
178 197
178 1591
178 1832
179 218
180 1926
180 1980
180 2099
180 2100
181 1531
181 1634
183 1675
183 2021
184 1380
185 947
185 2053
186 1188
186 1428
186 1429
186 1813
186 1855
187 1005
187 1413
188 1624
188 1640
188 1718
189 761
189 1783
190 1358
190 1386
191 1926
191 2100
192 964
192 1532
192 1727
192 1777
192 1985
192 1996
192 1998
192 1999
192 2000
192 2001
192 2027
192 2089
193 1565
194 247
194 928
194 964
194 1313
194 1314
194 1532
194 1727
194 1777
194 1985
194 1996
194 1998
194 1999
194 2000
194 2001
194 2027
194 2089
195 218
195 2064
196 1958
198 1162
198 1541
198 1720
199 1357
200 202
200 476
200 1050
200 1093
200 1324
200 1364
200 1850
201 657
201 1815
202 471
202 498
202 958
202 1050
202 1400
202 1850
203 326
203 1370
204 342
204 742
204 1925
205 1024
205 1166
205 2095
206 380
206 479
207 214
207 436
207 489
207 656
208 625
208 716
209 215
209 365
209 613
209 715
210 1025
211 212
211 306
211 419
211 667
211 1289
212 213
213 419
214 489
215 365
215 610
215 613
215 693
216 241
216 645
216 1453
216 1561
217 625
217 716
218 229
218 370
218 1113
218 1704
218 1931
219 875
219 1197
220 1197
221 1137
221 1954
222 1009
222 1240
222 1256
222 1345
222 1461
223 1798
223 1893
224 998
224 1279
224 1281
225 960
225 1713
226 227
226 389
226 657
227 656
227 660
228 354
228 1007
228 1701
229 260
229 1707
230 1012
230 1193
230 1957
231 1701
233 312
233 971
233 1055
233 1057
233 1058
233 1072
233 1081
233 1148
233 1718
233 1770
234 1267
235 1755
235 1756
235 1757
236 597
236 1758
237 391
237 1790
238 509
238 511
238 866
238 1707
239 1055
239 1077
239 1331
239 1531
239 1758
239 1904
240 286
240 1962
241 436
242 1096
243 685
243 864
244 1437
244 1871
245 1902
246 443
246 549
247 1365
247 1386
247 1482
247 1664
247 1727
247 1773
247 1985
247 1996
247 1998
247 1999
247 2000
247 2002
247 2027
248 1084
248 1098
248 2023
249 983
249 1021
249 1425
250 311
250 1404
250 1602
251 936
251 1100
252 1956
253 971
254 1669
254 1685
255 730
256 932
257 1759
258 1109
258 1346
258 2080
259 1686
259 1879
259 1880
259 1900
260 1173
260 1174
260 1569
260 1573
260 1676
262 1856
262 1857
263 374
263 375
263 1643
263 2063
264 288
264 852
264 1071
264 1103
264 1407
265 1051
265 1696
266 1228
266 1883
266 2019
266 2087
267 311
267 863
267 880
267 885
267 971
267 1404
267 1703
268 1260
268 1263
269 277
269 829
269 1711
270 1800
270 1976
271 761
271 1862
272 1752
273 381
273 796
274 1517
275 354
275 943
275 945
276 372
276 1361
277 490
278 1516
279 282
279 283
279 396
279 456
279 645
279 676
281 1562
282 283
282 426
282 430
282 448
282 494
282 862
282 1528
282 1567
283 397
283 429
283 474
283 645
283 714
283 1528
283 1932
284 474
284 1557
285 1330
285 2089
286 903
286 904
286 1874
286 1877
287 306
287 555
288 1103
288 1112
288 1407
289 1183
290 787
290 936
290 1403
290 1802
292 1452
293 870
293 873
293 1139
294 896
294 1044
294 1605
294 1735
296 786
296 961
296 1715
297 961
297 1265
297 1334
297 1629
298 1052
298 1543
299 1712
300 838
300 1962
301 785
302 303
302 304
302 305
302 323
302 565
302 1812
303 305
303 317
303 319
303 323
303 589
304 305
304 317
304 319
304 323
304 589
304 1812
305 319
305 589
305 1812
306 403
306 473
306 557
306 694
306 697
307 1106
307 1363
307 1654
307 1904
307 2009
309 329
309 1784
310 1086
310 1379
311 871
311 1088
311 1139
311 1161
311 1169
311 1403
311 1493
311 1602
312 362
312 1904
313 863
313 871
313 880
313 1100
313 1139
313 1161
313 1267
313 1330
313 1402
313 1403
313 1919
313 1940
314 471
314 498
314 1085
314 1087
314 1841
315 915
315 916
315 1402
315 1418
315 1465
315 1568
315 1645
316 352
316 519
317 323
317 449
317 612
317 952
318 859
318 1028
318 1486
319 323
319 324
319 418
319 589
319 1059
320 865
320 880
320 1617
320 2091
321 362
321 598
321 1100
321 1301
321 1350
321 1399
321 1617
321 1949
321 2089
322 534
322 600
323 563
323 589
323 1550
323 1786
324 589
324 858
325 985
325 1068
325 1276
325 1673
325 1695
326 1016
327 1407
328 1026
328 1027
328 1028
328 1029
328 1030
328 1031
328 1686
328 1974
328 2062
329 331
329 1120
329 1584
329 1784
329 1929
330 1457
330 1835
331 1729
331 1817
332 1935
332 1975
334 796
335 1935
335 1975
336 769
337 1255
337 2062
338 398
338 473
338 716
339 342
339 353
339 742
339 750
339 1196
339 1925
340 742
340 1196
340 1925
341 1171
341 1851
342 344
343 1464
345 934
345 998
346 805
346 1481
346 1626
347 351
348 764
349 350
349 509
349 511
351 510
351 796
352 519
352 601
352 662
352 679
352 733
353 727
353 736
355 733
355 803
356 914
356 1428
356 1429
357 359
357 360
358 507
358 585
358 1526
359 577
359 587
359 593
359 615
359 685
359 703
359 708
359 809
360 676
360 703
360 857
361 969
361 1551
362 410
362 812
362 965
362 1054
362 1399
362 1401
362 1403
362 1404
363 571
363 573
363 577
364 503
364 695
365 610
365 657
365 689
366 1032
366 1037
366 1038
367 400
367 472
367 490
367 526
367 540
367 578
367 668
367 680
367 1061
367 1062
367 1527
367 1858
368 879
368 1500
369 1706
371 746
373 1771
374 376
374 1439
374 1580
374 1669
374 2063
375 376
375 1439
375 1580
375 1669
375 2063
376 1613
376 1669
376 2063
377 836
378 522
379 705
380 479
382 398
382 473
382 1289
383 1289
384 1044
384 1533
385 390
385 864
386 432
386 469
386 700
386 1967
387 503
387 691
388 648
388 864
388 1289
389 657
390 864
392 469
393 534
393 582
393 641
393 2090
394 582
395 716
395 1289
396 431
396 440
396 514
396 527
396 571
396 575
396 588
396 657
396 659
397 1420
398 1289
399 657
400 578
400 596
401 611
401 1936
402 657
404 708
404 1743
405 577
405 587
405 616
406 444
406 688
407 594
408 657
409 615
409 708
410 559
410 627
410 1064
410 1259
410 1399
410 1446
410 1718
410 1821
410 1850
410 2025
411 550
411 551
411 631
412 522
412 624
413 549
414 423
414 428
414 2108
415 486
415 658
416 558
420 513
421 501
421 639
422 582
422 641
422 643
422 667
423 561
424 486
424 973
425 582
425 638
425 641
426 487
427 530
427 657
428 561
429 714
430 525
430 532
431 456
432 553
432 557
432 700
433 564
433 617
433 661
433 704
435 665
436 477
436 543
436 656
436 959
437 535
437 644
438 513
438 536
439 1201
439 1773
439 1904
439 1999
439 2002
439 2027
440 456
441 657
442 657
442 698
443 547
443 641
445 568
446 620
446 621
446 622
447 583
447 674
449 457
449 589
450 493
450 580
451 587
452 586
452 664
453 1532
454 577
454 708
455 575
456 514
456 527
456 571
456 575
457 533
457 582
457 1096
458 502
458 558
458 570
458 586
458 633
458 683
459 513
459 577
459 587
460 645
460 657
460 703
461 607
461 715
462 684
462 1566
463 504
464 1914
466 586
467 522
468 1743
470 608
470 642
471 1075
471 1093
471 1257
471 1324
471 1901
471 1908
473 582
473 599
473 1289
474 558
474 645
475 577
476 522
476 1093
476 1324
476 1939
477 2062
478 657
479 1705
480 483
481 483
481 582
481 589
481 660
482 483
482 582
482 589
484 513
484 572
485 631
485 2088
486 538
486 539
486 540
487 587
488 505
488 618
490 977
490 1396
491 780
492 663
493 604
494 961
494 1715
495 1289
496 1289
497 585
497 1562
498 1075
498 1093
498 1257
498 1324
498 1901
498 1939
499 774
499 1087
499 1377
499 1399
499 1637
499 1918
499 1922
500 596
500 693
501 566
501 567
501 597
501 867
502 558
502 683
503 520
503 584
504 556
504 595
505 556
505 558
505 579
505 618
505 686
505 701
505 808
505 1453
506 535
506 657
506 1275
506 1790
508 692
509 510
509 511
509 866
511 730
511 866
512 657
512 1804
513 514
513 554
513 572
513 702
514 577
515 645
516 639
516 645
516 1528
517 518
518 1294
519 679
520 535
521 657
522 699
522 841
523 639
524 644
525 645
525 1025
528 657
529 530
531 676
531 703
531 861
532 564
535 606
535 655
535 657
535 688
535 1275
536 657
536 658
540 963
540 1803
540 1805
541 658
541 859
541 860
541 1219
542 641
542 657
543 657
544 657
545 657
546 657
547 548
547 639
549 657
549 1025
550 551
550 631
551 708
552 628
552 702
554 587
554 861
555 1641
555 1698
556 617
556 631
557 657
560 637
561 2108
562 563
562 657
563 657
563 1477
565 589
566 1268
566 1647
566 1667
566 1813
567 1325
568 659
569 694
571 573
571 574
572 705
573 574
573 575
574 575
576 860
576 959
576 1219
577 616
577 703
577 704
577 709
577 712
577 715
577 861
580 582
580 604
580 955
581 708
582 589
582 636
582 637
582 641
582 654
582 667
582 864
582 952
582 959
583 674
585 681
585 708
586 664
586 683
587 588
587 607
587 616
587 670
587 703
587 704
587 708
587 715
587 809
588 708
588 2039
589 594
589 609
589 612
589 651
589 652
589 670
589 677
589 858
589 1225
589 1804
590 670
591 626
591 916
591 1418
591 1435
591 1436
591 1549
592 593
594 1309
595 799
596 668
596 756
596 933
597 1569
597 1979
598 627
598 916
598 1540
598 1549
598 1568
598 1912
601 733
602 616
602 657
602 685
603 670
605 621
606 607
607 630
607 1467
608 625
608 641
608 643
608 657
608 1033
610 657
610 715
611 662
612 1550
612 1786
614 657
614 715
615 703
616 703
616 708
617 640
617 669
617 1209
617 1533
617 1547
617 1554
617 1562
617 1956
619 620
622 657
623 657
624 635
624 1915
624 1918
624 2043
626 1435
626 1436
626 1540
626 1568
627 634
627 759
627 916
627 1846
627 1909
627 1912
627 1920
628 657
628 663
629 641
631 657
631 685
631 2039
632 1289
635 965
635 1333
635 1416
636 638
636 641
637 638
637 641
639 645
639 675
639 912
641 643
641 657
641 658
641 667
641 1775
643 657
643 658
643 667
644 714
645 1025
645 1552
645 1557
645 1561
645 1567
646 700
647 650
647 672
647 864
649 1289
650 697
650 1289
651 653
652 653
655 657
656 658
656 660
657 698
657 704
657 706
657 707
657 713
657 1477
657 1648
657 1804
658 704
658 706
658 707
658 959
662 742
662 762
662 771
662 783
662 803
662 1096
662 1321
663 665
665 666
665 1925
668 933
669 767
669 804
670 687
670 1102
671 703
672 716
673 1327
677 1225
678 956
678 1416
678 1953
680 1527
682 688
683 1774
684 700
685 703
685 708
685 712
686 687
686 801
688 1275
688 1790
690 708
690 1743
692 1555
692 1562
694 1289
696 708
697 1289
701 808
703 704
704 708
704 711
705 959
708 712
708 2039
710 711
713 1936
713 1972
716 1289
718 1359
719 1575
719 1620
720 1320
721 1513
722 1166
722 1698
722 1927
723 1175
723 1505
723 1723
724 750
725 1402
725 1403
725 1590
726 877
726 878
726 1942
728 907
729 1929
730 753
731 906
731 2072
732 1701
733 783
733 1321
734 901
735 1175
735 1505
735 1723
736 762
737 1042
738 977
739 1701
740 898
740 1674
740 1958
741 1055
741 1057
741 1126
741 1187
741 1545
741 2085
743 1425
743 1827
744 1758
744 1909
744 1912
745 977
747 1009
747 1240
748 1732
748 2101
749 1969
750 751
751 803
752 1397
754 879
755 1166
755 1698
755 1927
756 933
757 1266
757 1397
759 1846
760 889
762 1412
763 802
764 803
765 790
766 806
767 804
768 785
769 806
769 1094
769 1178
770 775
770 789
770 1189
771 783
771 1321
772 797
772 798
772 799
773 793
773 794
775 789
776 1632
776 1906
777 779
777 801
778 801
779 801
780 827
781 807
782 1862
783 1321
784 806
785 1566
786 961
787 1001
787 1802
788 1783
790 791
791 1321
792 1446
792 1450
795 1325
795 1813
795 1854
796 806
797 798
797 800
798 799
799 800
802 1634
803 1412
807 1533
810 811
810 1176
810 1592
811 813
811 1072
811 1081
811 1904
812 1072
812 1081
812 1089
812 1365
812 1472
812 1742
813 1080
813 1904
814 1009
814 2105
815 933
815 1468
816 818
816 822
816 1574
817 822
818 1571
818 1595
818 1611
819 1807
820 1192
820 1597
820 1668
820 1899
821 1611
822 823
822 825
823 1361
826 828
828 1361
830 1753
831 1200
831 1733
832 1829
833 835
833 1613
834 879
834 1044
836 1980
837 1179
838 1002
838 1005
838 1403
839 1904
841 1904
842 1086
842 1145
842 1755
842 1756
842 1757
843 849
844 1234
844 1614
845 846
845 1111
845 1229
845 1836
845 2034
846 881
846 932
846 995
846 1149
846 1197
846 1379
846 1392
846 1409
846 1494
846 1539
846 1588
846 1614
846 1678
846 1680
846 1688
846 1691
846 1692
846 1708
846 1739
846 2050
847 1144
847 1720
848 849
848 1086
848 1144
848 1145
848 1905
850 1103
850 1136
850 1475
851 1510
852 1103
852 1136
852 1159
853 855
853 1103
853 1475
853 1510
854 879
854 1046
855 1510
856 942
856 1096
859 1030
859 1219
859 2062
863 871
863 1139
863 1154
863 1169
863 1214
863 1465
863 1802
863 1903
864 968
865 1083
865 1084
865 1089
865 1098
865 1327
865 1336
865 1399
865 1484
865 1568
865 1663
865 1758
865 1904
867 2055
868 1362
868 1877
869 1100
869 1802
870 873
871 1368
871 1404
871 1802
872 977
873 883
873 1139
873 1403
873 1424
874 977
875 1149
875 1197
875 1392
875 1539
875 1680
875 1691
875 1692
875 2040
875 2050
876 932
876 1111
876 1114
876 1229
876 1836
877 927
879 1046
879 1247
879 1249
879 1348
879 1369
879 1408
879 1464
879 1582
879 1612
879 1710
879 1853
880 895
880 1131
880 1142
880 1161
880 1169
880 1404
880 2091
882 1113
883 1377
884 2032
885 895
886 2070
887 2107
888 1930
889 1716
889 1888
891 1004
892 958
892 1400
893 929
893 1241
893 1245
893 1452
893 1459
893 1615
893 1722
893 1893
894 929
894 1241
894 1245
894 1452
894 1459
894 1615
894 1722
894 1893
896 1044
897 2047
897 2081
898 1674
898 1958
898 1960
899 1986
900 1236
900 1241
900 1459
900 1749
900 1893
900 2081
901 1779
902 910
902 1568
902 1789
903 904
903 905
903 907
903 1417
904 905
904 907
904 916
904 1417
904 1549
904 1971
904 2062
905 938
905 1856
905 1857
906 1940
907 908
907 1417
909 1005
910 1831
911 1252
911 2062
912 1714
913 1904
915 1100
915 1301
915 1350
915 1404
915 1512
915 1568
915 1645
915 1646
915 1949
916 1011
916 1568
916 1718
916 2071
916 2073
916 2089
916 2096
917 1874
918 922
918 1088
918 1465
919 1456
920 1106
920 1363
920 1654
920 1904
920 2009
921 2006
922 1088
922 1090
922 1103
922 1465
923 1026
923 1027
923 1028
923 1029
923 1030
923 1031
923 1215
924 1314
925 1008
925 1040
925 1045
925 1241
925 1722
926 1418
928 1165
928 1169
928 1312
928 1313
928 1589
928 1689
928 1736
928 1763
928 1794
930 1581
931 2070
932 1229
933 1277
933 1378
933 1444
933 2104
934 1019
935 1835
935 1946
936 1949
937 1958
939 1263
939 1307
939 1308
940 1912
941 1220
941 1380
942 1195
942 1553
943 945
943 949
943 950
943 1650
943 1889
944 1065
944 1556
944 1600
946 948
946 949
949 950
951 1335
953 1079
954 1365
954 1904
955 1643
956 1363
956 1377
956 1462
956 1919
957 1363
957 1433
957 1864
957 2077
958 1054
958 1075
958 1093
958 1324
958 1403
958 1485
958 1534
958 1658
958 2010
960 961
960 1933
961 1251
961 1265
961 1715
961 1879
961 1933
961 1991
962 1269
962 1363
962 1864
962 1906
963 1803
963 1805
963 1806
964 1085
964 1216
964 1456
964 2024
964 2054
964 2089
965 1269
965 1324
965 1363
965 1365
965 1416
965 1422
965 1654
965 1737
965 1758
965 1792
965 1865
965 1904
965 1938
965 1953
966 970
967 1656
967 1843
967 1858
968 1334
970 1033
970 1215
970 1474
970 1874
970 2071
971 1125
971 1331
971 1702
971 1976
972 2079
973 1538
974 1643
974 2097
975 1204
976 1834
978 996
978 1863
979 993
979 1205
980 1244
980 1460
980 1572
980 1604
981 1040
981 1045
981 1722
982 1121
983 1023
985 1068
985 1973
986 1305
986 1782
987 1845
988 1572
988 2012
990 1146
990 1278
990 1609
992 1574
992 2070
993 1205
993 1248
993 1281
993 2082
994 1318
996 1570
996 1778
997 1046
999 1004
999 1186
1000 1184
1000 1523
1000 1938
1001 1537
1003 2077
1004 1125
1004 1385
1004 1801
1005 1256
1005 1802
1005 1877
1005 1962
1006 1173
1006 1174
1006 1667
1006 1724
1009 1240
1009 1506
1009 1840
1010 1433
1013 1235
1013 1281
1013 1500
1013 1576
1013 1721
1013 1740
1014 1217
1014 1904
1015 1163
1015 1495
1018 1256
1018 1661
1018 1781
1018 1904
1019 1022
1020 1024
1020 1045
1020 1127
1020 1166
1021 1022
1021 1023
1021 1024
1021 1547
1021 1581
1022 1045
1022 1581
1023 1425
1025 1469
1026 1027
1026 1029
1026 1030
1026 1415
1026 1486
1027 1030
1027 1415
1027 1486
1028 1030
1028 1415
1029 1030
1029 1415
1029 1486
1030 1415
1030 1486
1030 1719
1031 1415
1031 1486
1032 1037
1032 1038
1032 1665
1032 1827
1034 1194
1034 1324
1034 1401
1034 1416
1034 1422
1034 1473
1034 1758
1034 1904
1035 1190
1035 1904
1036 1047
1036 1048
1036 1483
1037 1038
1038 1665
1038 1827
1040 1045
1040 1722
1040 1848
1042 1340
1042 1670
1043 1044
1044 1045
1044 1046
1044 1511
1044 1750
1044 1848
1044 1895
1044 1983
1045 1166
1045 1511
1045 1533
1045 1722
1045 1983
1046 1351
1047 1048
1049 1199
1051 1376
1051 1845
1051 1966
1053 1330
1053 1531
1054 1400
1055 1057
1055 1072
1055 1081
1055 1126
1055 1172
1055 1187
1055 1331
1055 1537
1055 1754
1056 1330
1056 1531
1056 1754
1057 1058
1057 1172
1057 1187
1057 1537
1057 1545
1058 1172
1058 1187
1058 1331
1059 1862
1060 1681
1061 2104
1062 2104
1063 1272
1063 1466
1063 1898
1063 2052
1064 1386
1064 1718
1065 1600
1066 1345
1066 1461
1067 1923
1068 1577
1068 1973
1069 1359
1070 1240
1070 1256
1070 1970
1071 1465
1071 2001
1072 1148
1072 1536
1072 1712
1073 1088
1073 1374
1073 1606
1073 1931
1074 1365
1074 1904
1075 1257
1075 1400
1076 1977
1077 1092
1077 1363
1077 1389
1077 1758
1077 1864
1077 1904
1078 1094
1081 1148
1081 1536
1081 1712
1081 1851
1082 1486
1082 2062
1084 1199
1085 1216
1085 1386
1085 1664
1085 1748
1085 1996
1085 1997
1085 1998
1085 1999
1085 2000
1085 2001
1085 2024
1085 2027
1085 2054
1086 1145
1086 1147
1086 1288
1086 1465
1086 1672
1087 1363
1087 1401
1087 1758
1087 1904
1087 1918
1088 1324
1088 1465
1088 1657
1088 1931
1089 1337
1089 1363
1089 1377
1089 1904
1089 1907
1090 1465
1091 1093
1092 1389
1092 1478
1092 1864
1093 1200
1093 1400
1093 1530
1093 1939
1094 1178
1095 1363
1095 1654
1095 1904
1096 1398
1096 1936
1096 1972
1097 1257
1097 1363
1097 1365
1098 1258
1098 2045
1099 1322
1099 1864
1100 1142
1100 1154
1100 1172
1100 1187
1100 1802
1100 1821
1101 1483
1101 1484
1103 1159
1103 1407
1103 1465
1103 1475
1104 1456
1104 1904
1105 1269
1105 1270
1105 1532
1106 1339
1106 1649
1106 1654
1106 1758
1106 2056
1107 1298
1108 1443
1108 2092
1108 2109
1109 1486
1109 1719
1110 1432
1111 1143
1111 1229
1111 1836
1113 1122
1114 1149
1114 1160
1115 1146
1116 1157
1118 1239
1119 1130
1119 1264
1119 1434
1119 1981
1120 1784
1121 1203
1121 1248
1121 1590
1121 1990
1122 1147
1122 1359
1122 1483
1122 1489
1122 1772
1123 1304
1123 1490
1123 1630
1123 1684
1123 2059
1124 1304
1124 1490
1124 1630
1124 1684
1124 2059
1125 1683
1126 1140
1126 1537
1126 2084
1128 1699
1129 1690
1129 1772
1132 1167
1133 1145
1133 1288
1135 1454
1135 1455
1135 1754
1137 1216
1138 1510
1139 1404
1139 1908
1141 1153
1141 1157
1142 1161
1142 1404
1143 1149
1143 1708
1143 1809
1143 1836
1145 1672
1146 1410
1146 1808
1147 1156
1147 1667
1148 1347
1148 1536
1149 1160
1149 1197
1149 1392
1149 1539
1149 1680
1149 1688
1149 1691
1149 1692
1149 1739
1149 1809
1149 2040
1149 2050
1150 1160
1151 1313
1151 2041
1152 1157
1153 1156
1154 1161
1154 1404
1155 1535
1155 2008
1156 1157
1158 1178
1159 1568
1160 1392
1160 1539
1160 2098
1161 1404
1163 1766
1163 1768
1163 1782
1163 1833
1163 1838
1163 2059
1164 1286
1164 1619
1166 1352
1166 1722
1167 1411
1167 1989
1169 1404
1169 1736
1170 1171
1170 1851
1171 1851
1172 1802
1173 1174
1175 1544
1175 1568
1176 1180
1176 1718
1177 1178
1179 1421
1179 1517
1181 1185
1181 1638
1182 1724
1183 2075
1184 1523
1187 1802
1189 1316
1190 1638
1191 1192
1192 1274
1193 1891
1193 2065
1194 1295
1194 1389
1194 1904
1194 1934
1195 1553
1198 1604
1199 1751
1200 2078
1201 1216
1202 1203
1202 1204
1202 1205
1203 1590
1204 1205
1206 1546
1206 1822
1207 1239
1207 1776
1207 1803
1207 1805
1207 1806
1208 1389
1210 1239
1210 1776
1210 1805
1210 1806
1211 1222
1211 1719
1211 2062
1212 1758
1212 1904
1213 1660
1214 1218
1214 1333
1214 1563
1214 1742
1216 1462
1216 1727
1216 2000
1217 1333
1217 2089
1218 1311
1218 1333
1218 1365
1220 2057
1220 2093
1220 2094
1221 1333
1221 1386
1221 1758
1221 1904
1222 1719
1223 1963
1224 1733
1225 1761
1226 1660
1227 1333
1228 1886
1228 1934
1228 2087
1229 1836
1230 1670
1231 1313
1232 1260
1232 1263
1232 1305
1232 1782
1233 1313
1234 1614
1234 2051
1237 1246
1237 1679
1238 1890
1238 1891
1239 1320
1239 1776
1240 1745
1240 1753
1240 1771
1241 1893
1242 1319
1242 1615
1242 1616
1242 1885
1243 1928
1244 1583
1245 1452
1246 1679
1246 1964
1250 1690
1250 1796
1251 1290
1251 1383
1251 1384
1251 1752
1252 1820
1254 1458
1256 1305
1256 1593
1256 1627
1256 1661
1256 1766
1256 1781
1256 1782
1257 1269
1257 1332
1257 1530
1257 1901
1257 1939
1258 2013
1259 1263
1260 1699
1260 1709
1260 1747
1261 1509
1261 1766
1261 1768
1262 1705
1262 1844
1263 1699
1263 1709
1263 1711
1263 1747
1263 1844
1264 1388
1264 1441
1264 1766
1264 2011
1265 1629
1266 1397
1267 1404
1268 1647
1269 1371
1269 1473
1269 1484
1269 1485
1269 1532
1269 1835
1269 1847
1269 1901
1269 2015
1269 2023
1270 1298
1270 1422
1270 1454
1270 1455
1270 1835
1270 1921
1270 2015
1271 1643
1271 2061
1272 1375
1272 1661
1272 1781
1272 1782
1273 1300
1273 1899
1274 1300
1274 1591
1274 1668
1274 1899
1274 2097
1275 1790
1275 2102
1276 1695
1276 1973
1278 1810
1278 2079
1279 1280
1280 2065
1281 1283
1281 1797
1282 1284
1284 1795
1285 1425
1285 1605
1286 2061
1287 1479
1287 1653
1288 1465
1290 1950
1291 1904
1292 1389
1293 1864
1293 1904
1293 1977
1293 2106
1295 1924
1296 1430
1296 1904
1296 1965
1297 1403
1297 1484
1297 1645
1297 1789
1297 2038
1298 1329
1298 1363
1298 1470
1298 1904
1298 1978
1299 1338
1299 1365
1299 1871
1300 2066
1300 2067
1301 1350
1301 1407
1301 1505
1301 1949
1302 1838
1303 1639
1303 1849
1304 2059
1305 1375
1305 1782
1306 1371
1307 1926
1307 2100
1310 1382
1311 1312
1311 1532
1311 1742
1313 1314
1313 1736
1313 1759
1313 1763
1313 1765
1314 1759
1315 1409
1317 1820
1317 1971
1318 2035
1318 2107
1319 1607
1319 1615
1322 1530
1322 1693
1323 1904
1324 1400
1324 1473
1324 1850
1326 1365
1326 1754
1326 1760
1326 1762
1328 1363
1328 1422
1328 1758
1328 1904
1328 2015
1328 2089
1330 1563
1330 1645
1330 1754
1330 1904
1330 2009
1333 1431
1333 1532
1333 1563
1333 1565
1333 1733
1333 1742
1333 1760
1333 1762
1333 1871
1333 1904
1333 2015
1333 2089
1335 1904
1337 1363
1338 1389
1338 1401
1338 1904
1338 1924
1338 1953
1338 2086
1339 1758
1339 1961
1341 1356
1341 1869
1342 1414
1342 1602
1343 1367
1343 2067
1344 1359
1344 1406
1345 1461
1345 1570
1345 1778
1345 1840
1346 1964
1349 1690
1350 1407
1353 2019
1354 1355
1357 1705
1359 1406
1359 1687
1360 1628
1360 1951
1362 2071
1363 1422
1363 1433
1363 1462
1363 1463
1363 1473
1363 1649
1363 1654
1363 1733
1363 1907
1363 1919
1363 1977
1363 2015
1363 2056
1363 2078
1363 2089
1363 2092
1364 1758
1365 1377
1365 1456
1365 1482
1365 1532
1365 1565
1365 1664
1365 1727
1365 1733
1365 1754
1365 1760
1365 1762
1365 1870
1365 1998
1365 1999
1365 2000
1365 2001
1365 2026
1365 2027
1365 2078
1365 2089
1366 2083
1367 2070
1367 2097
1368 1693
1368 1802
1369 2083
1370 1736
1372 1518
1372 1793
1373 1518
1374 1730
1375 1427
1375 1782
1375 1970
1376 1966
1377 1416
1377 1733
1377 1919
1377 2078
1378 1858
1381 1838
1385 1484
1386 1664
1386 1727
1386 1759
1386 1777
1386 1998
1386 2000
1386 2024
1386 2089
1387 1389
1387 1394
1387 1769
1388 1933
1388 1974
1389 1433
1389 1564
1389 1904
1389 1934
1390 1391
1392 2050
1393 1931
1394 1769
1395 1538
1396 1504
1396 1695
1396 2068
1397 1448
1399 1403
1399 1404
1399 1965
1399 2025
1400 1403
1400 1485
1400 1534
1400 1658
1400 2010
1401 1403
1401 2089
1402 1484
1402 1644
1402 1655
1402 1802
1402 1922
1402 1965
1402 2025
1403 1404
1403 1465
1403 1484
1403 1531
1403 1644
1403 1655
1403 1716
1403 1802
1403 1922
1403 1940
1403 1965
1403 2025
1403 2089
1404 1465
1404 1493
1404 1602
1404 1821
1405 1798
1407 1617
1407 1949
1410 1808
1411 1643
1411 2063
1414 1602
1415 1861
1416 1919
1416 1937
1418 1540
1418 1568
1418 2091
1419 1962
1420 1896
1422 1433
1422 1473
1422 1529
1422 1654
1422 1872
1422 1904
1422 1919
1422 2015
1423 1465
1426 1479
1426 1883
1426 1886
1427 1863
1430 1966
1431 1437
1431 1456
1431 1871
1431 1904
1432 1456
1432 1904
1433 1654
1433 1872
1433 1904
1434 1924
1434 2011
1435 1436
1435 1488
1435 1904
1437 1563
1438 1444
1438 1594
1440 1709
1440 2029
1442 1538
1443 2109
1445 1567
1445 1992
1446 1450
1447 1448
1447 1449
1448 1449
1448 1538
1451 1992
1452 1459
1452 1460
1455 1835
1456 1733
1456 1873
1456 1876
1456 1904
1457 1802
1458 1772
1461 1570
1461 1778
1462 1463
1462 1871
1462 1904
1462 2089
1463 1904
1464 1690
1464 1793
1464 1796
1464 1948
1465 1559
1465 1568
1465 1802
1466 1744
1466 2052
1468 1764
1470 1505
1471 1793
1472 1733
1472 2009
1472 2078
1473 1654
1473 1865
1473 1904
1473 1938
1473 1953
1476 1758
1476 1907
1476 2009
1478 1758
1478 1864
1479 1886
1480 1654
1480 1662
1480 1758
1480 1864
1480 1904
1480 1917
1480 2033
1481 1626
1482 1664
1482 1727
1482 1759
1482 1773
1482 1985
1482 1996
1482 1997
1482 1998
1482 1999
1482 2000
1482 2001
1482 2002
1482 2027
1482 2089
1483 1484
1484 1568
1484 1733
1484 1904
1485 1534
1485 2010
1486 1525
1487 1904
1488 1569
1490 1840
1491 1513
1491 1722
1492 1929
1493 1496
1493 1710
1493 1750
1496 1710
1497 1710
1499 1909
1502 1538
1503 1507
1503 2060
1504 1509
1504 1909
1505 1512
1505 1949
1506 1747
1506 1844
1507 1581
1507 1659
1507 1674
1507 1816
1508 1734
1509 1766
1509 1987
1510 1596
1510 1750
1511 1722
1511 1964
1511 1983
1515 1930
1516 1522
1516 1881
1516 1951
1517 1824
1519 1959
1519 2004
1520 1524
1520 1731
1521 1819
1521 1930
1522 1951
1524 1731
1529 1758
1529 1904
1531 1634
1532 1760
1532 1762
1532 1904
1534 2010
1541 1720
1542 2109
1543 1752
1544 1568
1544 1723
1544 1789
1545 2085
1546 1813
1547 1581
1548 1829
1549 2089
1549 2096
1550 1786
1556 1774
1557 1558
1560 1924
1563 1742
1563 1871
1563 2009
1563 2089
1565 1733
1565 1864
1565 1904
1568 1846
1568 1912
1568 1920
1568 2089
1568 2091
1570 1766
1571 1844
1571 2036
1572 1608
1572 2012
1573 1676
1575 1620
1576 2082
1582 1986
1587 1746
1587 1749
1587 1894
1590 1994
1592 1709
1593 1782
1593 2049
1597 1694
1599 1643
1599 2061
1599 2063
1603 1604
1604 1793
1608 2012
1609 2042
1610 1611
1611 1613
1615 1616
1615 2017
1616 1957
1618 1956
1619 1643
1622 1909
1623 1734
1624 1770
1624 2096
1625 2058
1627 1630
1627 2049
1629 1631
1630 2049
1633 1639
1633 1735
1635 1820
1636 2058
1637 1717
1637 1922
1639 1735
1640 1718
1641 2028
1642 2022
1643 1685
1643 2061
1644 2071
1645 1758
1646 1654
1646 1718
1646 1758
1646 1904
1647 1813
1647 1854
1649 1654
1649 1904
1649 2009
1650 1785
1651 1741
1652 2000
1654 1904
1654 1907
1654 1934
1654 2015
1654 2056
1654 2106
1655 1904
1656 1843
1659 2003
1659 2088
1660 1984
1662 2033
1663 1737
1663 1831
1663 1904
1664 1727
1664 1773
1664 1985
1664 1996
1664 1998
1664 1999
1664 2000
1664 2001
1664 2027
1666 1829
1668 1899
1669 1685
1671 1698
1673 1695
1673 1973
1680 1691
1680 1692
1680 2040
1681 2067
1682 2097
1683 1969
1684 2049
1684 2059
1690 1767
1690 1788
1691 1692
1691 2040
1691 2050
1692 2040
1692 2050
1695 1973
1699 1700
1699 2044
1700 1985
1705 1844
1705 2029
1706 1750
1708 1809
1709 1745
1709 1747
1709 2044
1714 1982
1715 1991
1716 1802
1717 1922
1718 1821
1719 2080
1722 1983
1725 1726
1725 2024
1726 2024
1727 1773
1727 1904
1727 1985
1727 2002
1728 1795
1728 1976
1732 2101
1733 1904
1734 1750
1734 1791
1734 1968
1737 1919
1738 1897
1741 1780
1741 1904
1742 2089
1744 1898
1748 1823
1752 2076
1754 1871
1754 2089
1758 1773
1758 1868
1758 1901
1758 2000
1758 2001
1760 1904
1760 2089
1762 1904
1762 2089
1763 1878
1766 1781
1766 1807
1766 1833
1766 1838
1766 1840
1766 1859
1766 2030
1766 2031
1766 2103
1768 1781
1773 1998
1773 1999
1773 2002
1778 1852
1778 1869
1783 1786
1784 1911
1784 2032
1787 2048
1788 1796
1789 2038
1798 1882
1798 2110
1799 1895
1803 1806
1805 1806
1811 1841
1814 1871
1818 1922
1824 1995
1825 2089
1826 1924
1828 1904
1829 1830
1829 2018
1834 1838
1834 1944
1837 1923
1838 1842
1838 1944
1838 2030
1838 2031
1839 2045
1840 2059
1845 1966
1847 1892
1848 1860
1849 2016
1851 2008
1864 1904
1864 2020
1864 2033
1866 1875
1866 1904
1867 1874
1868 1875
1868 1904
1870 1904
1871 1904
1871 1999
1871 2027
1872 1904
1872 2015
1875 1876
1879 1880
1879 1900
1881 1951
1884 2019
1894 1897
1898 2071
1901 1939
1904 1907
1904 1916
1904 1924
1904 1934
1904 1937
1904 1953
1904 1961
1904 1963
1904 1977
1904 1993
1904 1996
1904 1998
1904 2000
1904 2001
1904 2015
1904 2023
1904 2026
1904 2046
1904 2057
1904 2064
1904 2078
1904 2089
1904 2092
1904 2093
1904 2094
1905 2007
1909 2068
1910 1966
1916 2046
1923 1942
1929 2032
1934 1953
1935 2088
1936 1972
1940 2072
1941 1987
1941 2068
1943 1948
1945 1946
1950 1952
1954 2080
1955 1967
1964 1983
1971 2071
1984 2012
1985 1998
1985 2054
1988 2036
1996 1997
1996 1998
1996 1999
1996 2000
1996 2001
1996 2027
1996 2054
1997 2000
1998 2002
1999 2002
2000 2002
2003 2004
2003 2088
2005 2038
2006 2037
2009 2089
2014 2017
2016 2083
2040 2050
2061 2063
2061 2097
2066 2067
2066 2070
2067 2070
2069 2105
2074 2075
2099 2100